1 0.29958333333333337 0.22666666666666666 0.38083333333333336 0.028888888888888888
3 0.44 0.25277777777777777 0.66 0.027777777777777776
2 0.4395833333333334 0.23944444444444443 0.6608333333333334 0.05444444444444444
1 0.28500000000000003 0.28 0.35000000000000003 0.028888888888888888
3 0.41000000000000003 0.3061111111111111 0.6016666666666667 0.027777777777777776
2 0.41000000000000003 0.2927777777777778 0.6016666666666667 0.05444444444444444
1 0.45708333333333334 0.3333333333333333 0.6958333333333334 0.028888888888888888
3 0.53 0.35944444444444446 0.8416666666666667 0.027777777777777776
2 0.53 0.3461111111111111 0.8416666666666667 0.05444444444444444
1 0.195 0.38666666666666666 0.17 0.028888888888888888
3 0.445 0.40944444444444444 0.6716666666666667 0.021111111111111112
2 0.445 0.39611111111111114 0.6716666666666667 0.04777777777777778
2 0.53 0.3161111111111111 0.8416666666666667 0.20777777777777778
