1 0.16 0.33666666666666667 0.16 0.02
3 0.41500000000000004 0.36 0.6716666666666667 0.028888888888888888
2 0.41500000000000004 0.35055555555555556 0.6716666666666667 0.04777777777777778
1 0.5075000000000001 0.4033333333333333 0.8550000000000001 0.02
3 0.38 0.42666666666666664 0.6016666666666667 0.028888888888888888
2 0.5070833333333333 0.4172222222222222 0.8558333333333333 0.04777777777777778
1 0.54 0.47 0.92 0.02
3 0.23 0.49333333333333335 0.3016666666666667 0.028888888888888888
2 0.5395833333333334 0.48388888888888887 0.9208333333333334 0.04777777777777778
1 0.13 0.5366666666666666 0.1 0.02
3 0.41500000000000004 0.56 0.6716666666666667 0.028888888888888888
2 0.41500000000000004 0.5505555555555556 0.6716666666666667 0.04777777777777778
1 0.1275 0.6033333333333334 0.095 0.02
3 0.515 0.6266666666666667 0.8716666666666667 0.028888888888888888
2 0.515 0.6172222222222222 0.8716666666666667 0.04777777777777778
2 0.5395833333333334 0.48388888888888887 0.9208333333333334 0.31444444444444447
