1 0.525 0.30333333333333334 0.92 0.02
3 0.5045833333333334 0.32 0.8708333333333333 0.028888888888888888
2 0.525 0.3138888888888889 0.92 0.04111111111111111
1 0.5325000000000001 0.3566666666666667 0.935 0.02
3 0.13 0.37333333333333335 0.12166666666666667 0.028888888888888888
2 0.5325000000000001 0.3672222222222222 0.935 0.04111111111111111
1 0.24250000000000002 0.41 0.35500000000000004 0.02
3 0.21500000000000002 0.42666666666666664 0.2916666666666667 0.028888888888888888
2 0.24250000000000002 0.42055555555555557 0.35500000000000004 0.04111111111111111
1 0.465 0.4633333333333333 0.8 0.02
3 0.15000000000000002 0.48 0.16166666666666668 0.028888888888888888
2 0.465 0.4738888888888889 0.8 0.04111111111111111
1 0.39 0.5166666666666667 0.65 0.02
3 0.49500000000000005 0.5333333333333333 0.8516666666666667 0.028888888888888888
2 0.4929166666666667 0.5272222222222223 0.8558333333333333 0.04111111111111111
2 0.5325000000000001 0.42055555555555557 0.935 0.2544444444444444
