1 0.43750000000000006 0.30333333333333334 0.8350000000000001 0.02
3 0.36541666666666667 0.3333333333333333 0.6908333333333334 0.028888888888888888
2 0.43750000000000006 0.32055555555555554 0.8350000000000001 0.05444444444444444
1 0.34 0.37666666666666665 0.64 0.02
3 0.375 0.4 0.7116666666666667 0.028888888888888888
2 0.375 0.39055555555555554 0.7116666666666667 0.04777777777777778
1 0.35000000000000003 0.44333333333333336 0.66 0.02
3 0.165 0.4666666666666667 0.2916666666666667 0.028888888888888888
2 0.34958333333333336 0.4572222222222222 0.6608333333333334 0.04777777777777778
1 0.09583333333333334 0.51 0.15833333333333335 0.02
3 0.38458333333333333 0.5333333333333333 0.7308333333333333 0.028888888888888888
2 0.38333333333333336 0.5238888888888888 0.7333333333333334 0.04777777777777778
1 0.51 0.5766666666666667 0.9800000000000001 0.02
3 0.095 0.6 0.15166666666666667 0.028888888888888888
2 0.5095833333333334 0.5905555555555555 0.9808333333333334 0.04777777777777778
2 0.5083333333333334 0.4538888888888889 0.9833333333333334 0.3211111111111111
