1 0.5175000000000001 0.19 0.9650000000000001 0.02
3 0.1 0.21333333333333332 0.12166666666666667 0.028888888888888888
2 0.5175000000000001 0.2038888888888889 0.9650000000000001 0.04777777777777778
1 0.375 0.24333333333333335 0.68 0.02
3 0.17 0.26666666666666666 0.26 0.028888888888888888
2 0.375 0.25722222222222224 0.68 0.04777777777777778
1 0.5175000000000001 0.2966666666666667 0.9650000000000001 0.02
3 0.08041666666666668 0.32 0.08083333333333334 0.028888888888888888
2 0.5175000000000001 0.31055555555555553 0.9650000000000001 0.04777777777777778
1 0.29500000000000004 0.35 0.52 0.02
3 0.32 0.37333333333333335 0.56 0.028888888888888888
2 0.3175 0.3638888888888889 0.5650000000000001 0.04777777777777778
1 0.41250000000000003 0.4033333333333333 0.755 0.02
3 0.5195833333333334 0.42666666666666664 0.9608333333333334 0.028888888888888888
2 0.5175000000000001 0.4172222222222222 0.9650000000000001 0.04777777777777778
1 0.15000000000000002 0.45666666666666667 0.23 0.02
3 0.46 0.48 0.8416666666666667 0.028888888888888888
2 0.4579166666666667 0.47055555555555556 0.8458333333333334 0.04777777777777778
2 0.5175000000000001 0.3372222222222222 0.9650000000000001 0.31444444444444447
