0 0.498749 0.085651 0.585488 0.060067
10 0.870309 0.085095 0.095913 0.098999
2 0.509174 0.487208 0.914929 0.609566
8 0.162219 0.259733 0.221018 0.070078
8 0.438699 0.253059 0.120100 0.038932
8 0.660967 0.249166 0.170976 0.117909
8 0.888240 0.241379 0.155129 0.111235
8 0.242702 0.456618 0.268557 0.072303
8 0.597581 0.452169 0.202669 0.061179
8 0.857381 0.442714 0.186822 0.097887
8 0.226022 0.643493 0.273561 0.070078
8 0.482485 0.710234 0.134279 0.161290
8 0.704337 0.680200 0.150959 0.041157
8 0.911593 0.672970 0.103420 0.126808
8 0.491243 0.928810 0.250209 0.068966
