0 0.388750 0.146667 0.620833 0.047407
3 0.292500 0.331111 0.430000 0.031111
3 0.182500 0.375556 0.210000 0.031111
3 0.200000 0.419259 0.245000 0.032593
3 0.180000 0.460000 0.203333 0.025185
3 0.129167 0.502963 0.101667 0.025185
3 0.133333 0.548148 0.111667 0.023704
3 0.135833 0.591111 0.116667 0.023704
3 0.211250 0.635556 0.265833 0.029630
3 0.145417 0.677778 0.135833 0.025185
3 0.153750 0.722963 0.152500 0.029630
3 0.161250 0.765185 0.165833 0.025185
3 0.085000 0.817778 0.015000 0.008889
1 0.385417 0.246667 0.655833 0.028148
2 0.385417 0.528148 0.654167 0.591111
10 0.888750 0.282222 0.037500 0.069630
10 0.890417 0.418519 0.037500 0.069630
10 0.888750 0.565185 0.039167 0.051852
10 0.890417 0.697037 0.037500 0.069630
10 0.889583 0.842222 0.037500 0.069630
9 0.229583 0.948148 0.342500 0.014815
2 0.888750 0.560741 0.039167 0.629630
